1606500241.930286,0
1606500242.033626,2
1606500242.140046,4
1606500242.247302,3
1606500242.350611,4
1606500242.454665,3
1606500242.559256,3
1606500242.663466,1
1606500242.766946,2
1606500242.870129,2
1606500242.974424,4
1606500243.079826,3
1606500243.182897,5
1606500243.287981,4
1606500243.390951,3
1606500243.495106,4
1606500243.598765,3
1606500243.702159,4
1606500243.805772,4
1606500243.909593,3
1606500244.012844,4
1606500244.116756,2
1606500244.220454,4
1606500244.324289,2
1606500244.428085,4
1606500244.542279,3
1606500244.650930,4
1606500244.755713,3
1606500244.866753,1
1606500244.980044,3
1606500245.084070,4
1606500245.187972,4
1606500245.291082,3
1606500245.395439,3
1606500245.498800,3
1606500245.602625,4
1606500245.706499,3
1606500245.811680,4
1606500245.915217,3
1606500246.019515,4
1606500246.123261,5
1606500246.227846,2
1606500246.331796,5
1606500246.435198,4
1606500246.538686,1
1606500246.642450,4
1606500246.746668,5
1606500246.850266,5
1606500246.954769,2
1606500247.058427,3
1606500247.162497,3
1606500247.267795,2
1606500247.370591,4
1606500247.473658,2
1606500247.576982,5
1606500247.681108,3
1606500247.786693,4
1606500247.893832,3
1606500247.999222,4
1606500248.102617,4
1606500248.205654,2
1606500248.309245,4
1606500248.420768,4
1606500248.524092,2
1606500248.627196,4
1606500248.734892,4
1606500248.838171,1
1606500248.945276,3
1606500249.049216,2
1606500249.152528,3
1606500249.255445,3
1606500249.358517,4
1606500249.461739,3
1606500249.565038,4
1606500249.668990,3
1606500249.772409,5
1606500249.876333,1
1606500249.979922,3
1606500250.084671,2
1606500250.187884,4
1606500250.292709,2
1606500250.399930,4
1606500250.506699,3
1606500250.612121,3
1606500250.718130,5
1606500250.822347,4
1606500250.925710,2
1606500251.029282,4
1606500251.132633,4
1606500251.235715,4
1606500251.339867,3
1606500251.444312,3
1606500251.548469,4
1606500251.651422,4
1606500251.756567,0
1606500251.860247,3
1606500251.965414,3
1606500252.068624,4
1606500252.172889,3
1606500252.277854,2
1606500252.381318,5
1606500252.485380,2
1606500252.589365,5
1606500252.695706,3
1606500252.799142,5
1606500252.902653,1
1606500253.005916,4
1606500253.109734,4
1606500253.213686,3
1606500253.317623,2
1606500253.422102,5
1606500253.528575,4
1606500253.632328,4
1606500253.736802,3
1606500253.845371,4
1606500253.952344,2
1606500254.055386,3
1606500254.161491,5
1606500254.264961,2
1606500254.369030,3
1606500254.472311,5
1606500254.575531,2
1606500254.684768,4
1606500254.788932,0
1606500254.892403,3
1606500254.995714,5
1606500255.099086,3
1606500255.203098,4
1606500255.306806,3
1606500255.410916,5
1606500255.514184,2
1606500255.618188,4
1606500255.721519,0
1606500255.826820,4
1606500255.933782,5
1606500256.037677,4
1606500256.142040,4
1606500256.245729,3
1606500256.349018,5
1606500256.454294,2
1606500256.558096,4
1606500256.661801,5
1606500256.765020,5
1606500256.870251,4
1606500256.973308,4
1606500257.078303,2
1606500257.181796,4
1606500257.286175,2
1606500257.392283,4
1606500257.496334,4
1606500257.600662,4
1606500257.707163,4
1606500257.813656,5
1606500257.924927,2
1606500258.029012,3
1606500258.136878,4
1606500258.240265,3
1606500258.344338,2
1606500258.448114,4
1606500258.551582,3
1606500258.655810,4
1606500258.759767,3
1606500258.863428,3
1606500258.970311,1
1606500259.076078,4
1606500259.180109,2
1606500259.289976,3
1606500259.399043,3
1606500259.509670,4
1606500259.613328,3
1606500259.716679,2
1606500259.825173,5
1606500259.928184,3
1606500260.032942,5
1606500260.136145,5
1606500260.241915,2
1606500260.349139,3
1606500260.455543,3
1606500260.558974,4
1606500260.664176,3
1606500260.767557,2
1606500260.877670,2
1606500260.984985,4
1606500261.088208,0
1606500261.195141,2
1606500261.302502,3
1606500261.408427,5
1606500261.514865,2
1606500261.618073,3
1606500261.725114,2
1606500261.832628,3
1606500261.937382,3
1606500262.041878,4
1606500262.145987,2
1606500262.250182,4
1606500262.359897,4
1606500262.464986,5
1606500262.569737,2
1606500262.676593,3
1606500262.780770,4
1606500262.886693,2
1606500262.991123,4
1606500263.096428,4
1606500263.201422,2
1606500263.307260,3
1606500263.411468,4
1606500263.515774,1
1606500263.620189,2
1606500263.725797,3
1606500263.845604,3
1606500263.951638,4
1606500264.055754,5
1606500264.160327,1
1606500264.264407,3
1606500264.368799,1
1606500264.474109,3
1606500264.590658,4
1606500264.693660,3
1606500264.799746,2
1606500264.903083,4
1606500265.007363,3
1606500265.111688,4
1606500265.218068,2
1606500265.321757,5
1606500265.425943,2
1606500265.529487,3
1606500265.635806,4
1606500265.740325,2
1606500265.844265,3
1606500265.949561,5
1606500266.054520,3
1606500266.159679,5
1606500266.262891,2
1606500266.366825,3
1606500266.472063,0
1606500266.577246,3
1606500266.684156,4
1606500266.790679,1
1606500266.895119,4
1606500266.999263,4
1606500267.102534,4
1606500267.208868,4
1606500267.312869,3
1606500267.417066,4
1606500267.525800,4
1606500267.630949,2
1606500267.735880,4
1606500267.844044,3
1606500267.950374,5
1606500268.064864,5
1606500268.168616,3
1606500268.272766,4
1606500268.396240,1
1606500268.499838,3
1606500268.603514,4
1606500268.708554,4
1606500268.812942,5
1606500268.921203,1
1606500269.025948,5
1606500269.129773,5
1606500269.233538,2
1606500269.338281,4
1606500269.442601,5
1606500269.545585,3
1606500269.648980,4
1606500269.753435,2
1606500269.858589,5
1606500269.963586,2
1606500270.069320,4
1606500270.172974,2
1606500270.276500,4
1606500270.380772,5
1606500270.484371,3
1606500270.586992,4
1606500270.691084,2
1606500270.795297,4
1606500270.899280,4
1606500271.005326,3
1606500271.109325,3
1606500271.213331,1
1606500271.319002,5
1606500271.422555,2
1606500271.526664,3
1606500271.630537,5
1606500271.733965,3
1606500271.838309,2
1606500271.944716,4
1606500272.047868,3
1606500272.152929,4
1606500272.257811,4
1606500272.364907,4
1606500272.469048,5
1606500272.572660,4
1606500272.677013,2
1606500272.781177,4
1606500272.884865,2
1606500272.990980,4
1606500273.095841,1
1606500273.201262,4
1606500273.304463,4
1606500273.408274,2
1606500273.511817,4
1606500273.615127,4
1606500273.718455,4
1606500273.823056,2
1606500273.927036,3
1606500274.033999,5
1606500274.138647,3
1606500274.243236,5
1606500274.347669,3
1606500274.451367,5
1606500274.556021,5
1606500274.661151,3
1606500274.765141,3
1606500274.871458,3
1606500274.975871,2
1606500275.079209,3
1606500275.185901,5
1606500275.300610,4
1606500275.404271,4
1606500275.510414,3
1606500275.620440,4
1606500275.723582,4
1606500275.827076,4
1606500275.930808,3
1606500276.042525,3
1606500276.146589,2
1606500276.251560,5
1606500276.355449,2
1606500276.461693,5
1606500276.565581,1
1606500276.669827,3
1606500276.774568,4
1606500276.878525,3
1606500276.983847,5
1606500277.089641,4
1606500277.194422,4
1606500277.297730,4
1606500277.401534,5
1606500277.507264,2
1606500277.612169,4
1606500277.716393,1
1606500277.821102,5
1606500277.923780,5
1606500278.028691,1
1606500278.134659,4
1606500278.238666,3
1606500278.345642,4
1606500278.454472,3
1606500278.558968,3
1606500278.663310,5
1606500278.767835,3
1606500278.871098,2
1606500278.974054,3
1606500279.077510,4
1606500279.182235,3
1606500279.287756,5
1606500279.391524,4
1606500279.496356,3
1606500279.599850,4
1606500279.703741,3
1606500279.808257,2
1606500279.911495,4
1606500280.017593,0
1606500280.123058,2
1606500280.227292,5
1606500280.333016,4
1606500280.437853,4
1606500280.542077,4
1606500280.651846,4
1606500280.758779,5
1606500280.863107,2
1606500280.970227,2
1606500281.073775,5
1606500281.178836,2
1606500281.283818,5
1606500281.387470,3
1606500281.491215,4
1606500281.594697,3
1606500281.698732,4
1606500281.802333,3
1606500281.906110,5
1606500282.010120,3
1606500282.113923,4
1606500282.217957,1
1606500282.322069,4
1606500282.426558,2
1606500282.533053,1
1606500282.637312,4
1606500282.742087,2
1606500282.846489,4
1606500282.950787,4
1606500283.062278,4
1606500283.170033,5
1606500283.276747,3
1606500283.380004,4
1606500283.487062,3
1606500283.589921,4
1606500283.694397,3
1606500283.798048,4
1606500283.902103,3
1606500284.005372,0
1606500284.109293,3
1606500284.212533,4
1606500284.315896,3
1606500284.419763,5
1606500284.524041,4
1606500284.629301,3
1606500284.733425,2
1606500284.837657,5
1606500284.941906,0
1606500285.047875,2
1606500285.154888,5
1606500285.259168,4
1606500285.364416,4
1606500285.467383,0
1606500285.572355,3
1606500285.677008,4
1606500285.781129,1
1606500285.886066,4
1606500285.989977,5
1606500286.093987,2
1606500286.199183,5
1606500286.305067,4
1606500286.410353,5
1606500286.513713,5
1606500286.617388,5
1606500286.721479,2
1606500286.827982,1
1606500286.931923,3
1606500287.034625,2
1606500287.138748,4
1606500287.243066,2
1606500287.347084,5
1606500287.451503,4
1606500287.555878,3
1606500287.661010,2
1606500287.766550,4
1606500287.871776,4
1606500287.976748,3
1606500288.080199,4
1606500288.184711,4
1606500288.289850,4
1606500288.394138,1
1606500288.498024,5
1606500288.604579,2
1606500288.708484,4
1606500288.811520,2
1606500288.916180,4
1606500289.025123,4
1606500289.129129,4
1606500289.234716,4
1606500289.339688,3
1606500289.443847,4
1606500289.548102,5
1606500289.653880,3
1606500289.757326,4
1606500289.863429,5
1606500289.970332,5
1606500290.076182,5
1606500290.181726,2
1606500290.286756,3
1606500290.391551,5
1606500290.496709,2
1606500290.613915,4
1606500290.722821,3
1606500290.832557,5
1606500290.936514,3
1606500291.042154,5
1606500291.146266,4
1606500291.250597,0
1606500291.354938,2
1606500291.459925,1
1606500291.564021,4
1606500291.668297,3
1606500291.772178,5
1606500291.876417,1
1606500291.980727,4
1606500292.086133,5
1606500292.193055,5
1606500292.297829,3
1606500292.401433,4
1606500292.509476,3
1606500292.613626,1
1606500292.718954,2
1606500292.822598,5
1606500292.926403,5
1606500293.030051,5
1606500293.134011,2
1606500293.237624,4
1606500293.349548,5
1606500293.458432,3
1606500293.567906,1
1606500293.671906,5
1606500293.775324,5
1606500293.878485,3
1606500293.992539,4
1606500294.099472,0
1606500294.204514,3
1606500294.308878,4
1606500294.412687,4
1606500294.516751,4
1606500294.622409,2
1606500294.726289,4
1606500294.830839,2
1606500294.935356,4
1606500295.039120,4
1606500295.143480,5
1606500295.247144,2
1606500295.351033,4
1606500295.461901,5
1606500295.567153,5
1606500295.670514,1
1606500295.774092,4
1606500295.879799,2
1606500295.985895,4
1606500296.093932,4
1606500296.201019,2
1606500296.308379,4
1606500296.412196,4
1606500296.516216,2
1606500296.619875,4
1606500296.726367,3
1606500296.830610,4
1606500296.934714,2
1606500297.038146,5
1606500297.142224,3
1606500297.246406,5
1606500297.350203,2
1606500297.454205,3
1606500297.558411,4
1606500297.663453,3
1606500297.767949,4
1606500297.871799,4
1606500297.976644,2
1606500298.081210,4
1606500298.185253,5
1606500298.289261,0
1606500298.392897,3
1606500298.496854,5
1606500298.600639,3
1606500298.704976,4
1606500298.809212,3
1606500298.913086,5
1606500299.018158,3
1606500299.127034,4
1606500299.233245,4
1606500299.336398,5
1606500299.444733,3
1606500299.549008,3
1606500299.652562,4
1606500299.756523,2
1606500299.860874,4
1606500299.970225,0
1606500300.074042,3
1606500300.178226,2
1606500300.284085,5
1606500300.389008,3
1606500300.504064,2
1606500300.607718,3
1606500300.717290,4
1606500300.821160,4
1606500300.925217,1
1606500301.029307,4
1606500301.133683,5
1606500301.238622,2
1606500301.342412,5
1606500301.446148,3
1606500301.550673,5
1606500301.655968,4
1606500301.766379,4
1606500301.872005,2
1606500301.977411,4
1606500302.084313,4
1606500302.189522,5
1606500302.293278,2
1606500302.396708,0
1606500302.500536,0
1606500302.605374,0
1606500302.710444,0
1606500302.816305,0
1606500302.919809,0
1606500303.025812,0
1606500303.131930,0
1606500303.237352,0
