1606500305.903363,0
1606500306.006868,20
1606500306.111212,20
1606500306.216412,19
1606500306.319908,19
1606500306.425940,19
1606500306.534365,18
1606500306.642709,19
1606500306.752852,18
1606500306.857062,19
1606500306.961166,20
1606500307.064698,17
1606500307.168690,4
1606500307.273708,8
1606500307.377602,13
1606500307.482083,9
1606500307.586879,11
1606500307.691366,12
1606500307.795510,7
1606500307.899546,14
1606500308.004232,18
1606500308.108109,18
1606500308.215040,10
1606500308.319090,11
1606500308.424360,14
1606500308.528411,14
1606500308.632392,11
1606500308.737040,10
1606500308.841628,10
1606500308.946210,11
1606500309.051310,12
1606500309.155839,13
1606500309.260614,14
1606500309.368560,15
1606500309.474789,17
1606500309.578988,17
1606500309.685356,20
1606500309.789785,19
1606500309.895330,18
1606500309.998784,13
1606500310.106945,14
1606500310.210534,14
1606500310.319364,16
1606500310.423162,17
1606500310.526937,13
1606500310.630525,12
1606500310.733875,12
1606500310.837441,13
1606500310.944939,13
1606500311.048728,15
1606500311.153548,15
1606500311.259156,15
1606500311.362837,16
1606500311.468398,16
1606500311.574955,19
1606500311.680426,17
1606500311.786944,8
1606500311.895751,10
1606500312.001777,17
1606500312.111450,15
1606500312.215836,16
1606500312.319350,18
1606500312.422990,19
1606500312.529959,19
1606500312.633835,17
1606500312.737746,15
1606500312.841779,15
1606500312.945752,17
1606500313.050689,18
1606500313.154731,18
1606500313.260156,17
1606500313.365781,17
1606500313.471691,19
1606500313.576066,19
1606500313.681200,19
1606500313.785645,8
1606500313.889286,6
1606500313.996936,6
1606500314.100573,17
1606500314.207427,20
1606500314.312033,18
1606500314.416970,2
1606500314.525138,4
1606500314.633234,5
1606500314.736412,8
1606500314.840203,8
1606500314.945765,10
1606500315.049401,10
1606500315.153913,11
1606500315.258354,12
1606500315.362574,12
1606500315.471085,17
1606500315.575181,19
1606500315.681197,6
1606500315.785256,5
1606500315.889242,4
1606500315.993665,7
1606500316.098139,8
1606500316.204992,9
1606500316.309198,10
1606500316.413272,11
1606500316.517015,12
1606500316.620730,12
1606500316.724665,13
1606500316.828179,14
1606500316.946101,18
1606500317.049432,15
1606500317.154874,12
1606500317.261941,13
1606500317.365263,13
1606500317.468634,10
1606500317.572030,11
1606500317.676257,12
1606500317.780653,12
1606500317.884934,14
1606500317.989258,13
1606500318.092838,15
1606500318.197335,16
1606500318.302032,15
1606500318.406123,18
1606500318.509471,18
1606500318.613468,16
1606500318.716678,10
1606500318.820916,12
1606500318.924134,13
1606500319.028712,14
1606500319.133064,15
1606500319.238658,14
1606500319.343260,12
1606500319.447676,12
1606500319.553007,14
1606500319.657271,15
1606500319.762122,14
1606500319.866358,15
1606500319.970055,15
1606500320.074474,16
1606500320.179748,17
1606500320.283727,18
1606500320.391881,18
1606500320.496734,18
1606500320.607116,11
1606500320.710674,14
1606500320.814840,14
1606500320.919255,17
1606500321.022857,16
1606500321.127378,18
1606500321.230870,19
1606500321.336067,13
1606500321.440408,15
1606500321.544602,16
1606500321.648315,16
1606500321.751756,16
1606500321.855674,15
1606500321.959933,16
1606500322.071090,18
1606500322.175576,18
1606500322.279422,18
1606500322.384981,19
1606500322.489677,18
1606500322.593949,10
1606500322.697525,18
1606500322.801429,19
1606500322.906406,20
1606500323.009681,2
1606500323.113936,4
1606500323.220502,5
1606500323.323697,8
1606500323.426619,8
1606500323.530382,9
1606500323.633427,10
1606500323.739812,11
1606500323.843829,11
1606500323.952501,12
1606500324.056015,19
1606500324.160410,14
1606500324.269877,11
1606500324.373213,3
1606500324.477243,5
1606500324.582507,7
1606500324.687085,7
1606500324.791345,8
1606500324.895324,9
1606500325.000662,11
1606500325.104809,12
1606500325.209029,12
1606500325.312678,13
1606500325.416696,20
1606500325.522089,12
1606500325.626150,9
1606500325.729805,11
1606500325.834188,4
1606500325.939234,6
1606500326.045032,8
1606500326.150278,9
1606500326.253721,10
1606500326.356978,11
1606500326.462285,12
1606500326.565432,13
1606500326.673363,14
1606500326.781387,14
1606500326.884833,20
1606500326.990671,20
1606500327.094252,12
1606500327.199908,6
1606500327.314013,8
1606500327.416947,5
1606500327.525172,6
1606500327.629433,8
1606500327.734006,8
1606500327.838469,8
1606500327.944815,9
1606500328.048626,11
1606500328.152466,11
1606500328.256638,12
1606500328.361241,12
1606500328.464417,20
1606500328.568907,20
1606500328.677142,9
1606500328.780379,10
1606500328.885356,13
1606500328.989800,13
1606500329.093285,13
1606500329.198854,11
1606500329.302523,12
1606500329.407071,12
1606500329.510829,14
1606500329.614174,14
1606500329.718235,16
1606500329.822046,15
1606500329.926703,17
1606500330.030265,17
1606500330.133976,19
1606500330.240240,19
1606500330.345925,19
1606500330.470604,10
1606500330.575305,7
1606500330.679845,9
1606500330.784015,10
1606500330.888871,11
1606500330.995737,9
1606500331.100226,9
1606500331.205278,10
1606500331.309973,10
1606500331.418391,13
1606500331.522328,13
1606500331.626767,14
1606500331.730989,14
1606500331.835435,14
1606500331.944318,17
1606500332.048640,19
1606500332.157252,19
1606500332.261021,4
1606500332.368197,8
1606500332.473412,9
1606500332.577127,11
1606500332.681171,7
1606500332.784753,8
1606500332.896639,9
1606500333.001027,10
1606500333.109222,10
1606500333.214008,10
1606500333.321605,11
1606500333.425716,12
1606500333.532080,14
1606500333.636340,16
1606500333.739972,20
1606500333.843511,10
1606500333.948608,11
1606500334.058460,11
1606500334.163183,5
1606500334.269638,7
1606500334.374441,8
1606500334.478992,9
1606500334.583343,9
1606500334.687099,11
1606500334.790695,11
1606500334.895912,12
1606500334.999851,12
1606500335.103395,11
1606500335.207830,17
1606500335.311850,10
1606500335.417415,12
1606500335.521810,13
1606500335.626680,13
1606500335.731565,10
1606500335.837043,9
1606500335.942528,11
1606500336.052828,11
1606500336.162275,14
1606500336.266560,14
1606500336.371709,15
1606500336.475825,14
1606500336.582397,16
1606500336.686309,18
1606500336.789712,20
1606500336.894310,17
1606500336.997895,7
1606500337.101928,9
1606500337.205776,10
1606500337.310194,6
1606500337.413253,8
1606500337.519356,9
1606500337.624106,9
1606500337.728758,9
1606500337.832501,11
1606500337.937621,10
1606500338.042651,11
1606500338.147572,12
1606500338.253375,14
1606500338.358520,19
1606500338.463372,13
1606500338.567164,10
1606500338.670560,5
1606500338.774072,6
1606500338.884535,5
1606500338.988247,7
1606500339.093839,10
1606500339.198373,11
1606500339.303836,12
1606500339.413755,12
1606500339.517793,14
1606500339.629075,13
1606500339.742256,18
1606500339.848019,19
1606500339.952581,17
1606500340.056183,19
1606500340.159977,19
1606500340.263717,10
1606500340.367119,8
1606500340.471698,5
1606500340.575220,6
1606500340.679325,8
1606500340.783903,9
1606500340.888758,9
1606500340.992223,11
1606500341.096439,12
1606500341.201503,11
1606500341.305837,12
1606500341.408862,14
1606500341.514048,19
1606500341.620394,20
1606500341.731074,13
1606500341.835943,14
1606500341.940635,16
1606500342.043542,10
1606500342.148058,10
1606500342.251492,11
1606500342.355685,11
1606500342.465161,14
1606500342.569231,12
1606500342.673962,13
1606500342.779868,14
1606500342.884932,14
1606500342.989326,15
1606500343.093463,19
1606500343.200596,20
1606500343.305762,11
1606500343.410392,10
1606500343.514687,5
1606500343.618537,6
1606500343.724937,7
1606500343.828996,8
1606500343.933453,9
1606500344.037578,11
1606500344.142157,13
1606500344.245710,13
1606500344.350812,13
1606500344.456911,14
1606500344.560417,16
1606500344.667653,15
1606500344.774297,12
1606500344.877488,13
1606500344.980510,14
1606500345.084049,11
1606500345.188162,10
1606500345.291749,12
1606500345.396381,11
1606500345.501062,12
1606500345.605676,13
1606500345.716532,12
1606500345.820440,14
1606500345.924675,14
1606500346.028392,15
1606500346.132722,19
1606500346.244286,18
1606500346.348398,12
1606500346.451897,9
1606500346.555700,8
1606500346.659294,11
1606500346.764458,6
1606500346.870709,8
1606500346.978254,10
1606500347.082325,11
1606500347.186067,10
1606500347.299176,11
1606500347.402891,12
1606500347.507187,12
1606500347.620831,12
1606500347.726179,13
1606500347.830583,19
1606500347.935395,15
1606500348.041851,8
1606500348.144969,9
1606500348.249266,4
1606500348.353886,5
1606500348.457824,7
1606500348.562203,8
1606500348.666553,9
1606500348.770124,10
1606500348.874639,10
1606500348.979922,11
1606500349.084480,13
1606500349.189116,13
1606500349.296032,19
1606500349.401598,18
1606500349.505511,12
1606500349.611033,14
1606500349.717052,15
1606500349.821408,11
1606500349.925972,10
1606500350.029692,11
1606500350.134349,11
1606500350.239117,12
1606500350.345380,13
1606500350.450840,14
1606500350.562324,15
1606500350.666272,16
1606500350.775465,17
1606500350.880976,19
1606500350.985652,14
1606500351.090026,13
1606500351.194699,14
1606500351.300555,14
1606500351.405460,16
1606500351.510215,13
1606500351.614605,14
1606500351.718688,14
1606500351.823249,15
1606500351.927386,16
1606500352.031850,15
1606500352.136270,16
1606500352.240548,16
1606500352.344357,17
1606500352.448316,18
1606500352.552648,20
1606500352.656287,8
1606500352.765170,12
1606500352.869283,13
1606500352.973892,12
1606500353.078065,15
1606500353.182561,15
1606500353.286851,15
1606500353.391305,17
1606500353.496340,17
1606500353.601258,14
1606500353.705774,13
1606500353.810280,13
1606500353.914576,14
1606500354.019366,15
1606500354.123728,16
1606500354.228143,17
1606500354.331847,17
1606500354.436276,17
1606500354.541914,17
1606500354.644885,20
1606500354.748824,15
1606500354.852449,14
1606500354.962322,15
1606500355.066434,15
1606500355.170014,17
1606500355.272683,16
1606500355.375698,18
1606500355.480200,18
1606500355.585701,15
1606500355.689023,16
1606500355.794180,14
1606500355.897686,15
1606500356.001804,15
1606500356.109437,17
1606500356.212215,19
1606500356.316303,17
1606500356.419715,18
1606500356.524069,19
1606500356.631471,19
1606500356.737778,19
1606500356.841299,10
1606500356.945401,17
1606500357.049439,16
1606500357.153706,16
1606500357.259240,17
1606500357.364678,18
1606500357.471168,14
1606500357.576115,15
1606500357.681460,16
1606500357.793013,16
1606500357.896480,16
1606500358.002324,18
1606500358.106360,17
1606500358.210188,18
1606500358.314537,19
1606500358.418727,19
1606500358.522616,19
1606500358.626740,20
1606500358.731212,12
1606500358.836077,12
1606500358.940051,13
1606500359.047816,15
1606500359.153400,15
1606500359.257745,16
1606500359.363425,18
1606500359.469005,18
1606500359.573681,19
1606500359.677240,6
1606500359.781465,8
1606500359.885144,9
1606500359.988766,10
1606500360.095935,10
1606500360.200082,11
1606500360.304059,13
1606500360.407856,13
1606500360.512426,14
1606500360.616365,15
1606500360.719840,20
1606500360.823980,15
1606500360.927728,12
1606500361.031970,14
1606500361.135835,16
1606500361.239365,10
1606500361.343584,11
1606500361.450093,11
1606500361.554468,11
1606500361.657920,12
1606500361.761257,14
1606500361.866796,14
1606500361.971790,15
1606500362.079055,14
1606500362.183837,16
1606500362.287886,20
1606500362.391251,19
1606500362.496955,12
1606500362.600428,9
1606500362.708456,11
1606500362.813729,6
1606500362.919918,6
1606500363.024782,8
1606500363.130189,10
1606500363.234585,10
1606500363.347468,11
1606500363.452163,12
1606500363.560913,11
1606500363.668913,14
1606500363.772518,16
1606500363.877123,19
1606500363.981077,14
1606500364.086503,8
1606500364.197972,5
1606500364.301511,5
1606500364.405162,6
1606500364.509860,8
1606500364.616099,8
1606500364.724539,9
1606500364.828378,10
1606500364.932631,11
1606500365.037166,10
1606500365.141188,13
1606500365.244117,14
1606500365.346733,18
1606500365.449576,11
1606500365.553657,12
1606500365.657980,14
1606500365.764412,9
1606500365.868827,9
1606500365.975044,11
1606500366.080329,12
1606500366.185531,12
1606500366.288983,14
1606500366.392325,15
1606500366.495859,15
1606500366.598764,14
1606500366.704624,16
1606500366.808021,20
1606500366.911451,15
1606500367.017722,9
1606500367.121719,8
1606500367.224894,5
1606500367.328303,0
1606500367.434339,0
1606500367.538750,0
1606500367.643411,0
1606500367.746530,0
1606500367.851862,0
1606500367.957774,0
1606500368.063996,0
1606500368.166830,0
